39
98
252
85
262
48
151
129
108
26
136
232
41
243
178
257
5
74
82
10
35
58
118
25
102
183
212
4
213
202
258
165
242
66
220
99
131
244
157
79
147
140
125
40
142
191
209
221
200
248
145
224
255
235
44
238
160
233
226
90
206
194
49
196
65
162
247
229
36
47
64
28
166
143
107
27
57
254
46
168
69
227
211
34
53
59
138
67
19
195
236
50
23
214
32
184
146
208
1
230
137
13
45
54
171
201
189
134
20
38
199
186
73
261
148
101
223
121
264
89
182
29
61
225
228
141
123
198
71
173
164
185
14
132
72
204
43
21
126
188
222
17
265
114
251
172
22
231
240
169
237
60
92
210
197
150
96
30
75
216
116
253
144
122
174
110
181
95
63
245
155
3
256
259
217
7
6
187
56
105
37
106
153
203
133
154
207
84
18
124
128
167
120
68
24
179
33
170
31
159
250
86
55
113
190
177
139
11
9
130
115
51
15
91
218
52
193
192
239
163
180
2
12
88
260
112
77
158
175
119
249
42
93
97
215
76
16
62
78
263
94
205
127
117
8
70
156
219
81
152
100
80
241
83
149
109
161
234
246
135
87
111
176