152
3
63
124
233
194
2
143
236
215
249
247
42
105
145
9
76
119
59
166
213
156
235
137
79
164
85
1
6
144
128
27
48
112
97
167
184
73
87
168
14
121
259
117
180
7
254
177
58
86
22
11
231
88
93
165
37
217
122
245
196
237
127
240
21
60
72
106
62
228
246
98
46
113
26
107
100
55
41
134
257
111
43
264
130
155
33
258
147
95
129
225
179
181
10
89
250
158
207
157
131
174
30
204
241
220
64
138
243
35
212
8
47
68
69
159
71
224
5
150
189
219
223
52
90
238
81
252
136
20
115
186
161
51
191
265
171
149
92
176
39
15
173
203
141
175
185
146
80
188
199
70
193
32
178
83
148
163
44
239
116
101
125
160
67
248
65
234
227
40
94
210
169
135
36
192
255
187
126
261
197
61
198
162
17
16
195
182
108
251
190
230
232
114
82
12
99
140
50
262
118
57
120
263
222
200
38
49
66
123
109
170
25
244
74
226
216
56
29
154
229
260
31
253
23
142
206
102
221
53
209
45
183
78
208
201
132
24
13
28
256
34
104
172
84
4
242
19
77
75
151
211
205
218
133
54
153
18
214
96
202
139
91